Antonio	1	6	2	1000	3	9	4	7	11	1000	5	1000	1000	10	8
Ben	4	2	2	1000	2	4	6	1000	1000	1000	1	1	1000	7	
Brandon	1	16	2	1000	2	4	16	4	8	1000	8	1000	1000	8	6
Colin	10	2	1000	1	5	8	1	3	1000	1000	3	4	1000	5	2
Dan	1000	2	1000	4	6	1000	1	1	6	1000	1000	1000	1000	1000	6
Gayeon	5	1000	4	1000	1	2	1000	1000	 	2	1000	1000	6	6	6
Grace	7	1	3	2	5	3	1	10	2	6	5	5	6	5	
Hassler	2	1000	1000	1000	5	1	1000	6	3	1000	5	1000	1000	1000	
Jack V.	2	9	6	11	4	3	10	13	7	5	12	10	8	14	1
Jackson	2	1000	4	1000	3	1000	1000	1	1000	1000	1000	1000	1000	5	
Jacob	2	4	2	1	1	1	1	1000	3	3	4	2	5	2	3
Joel	2	2	10	1000	5	4	2	5	1000	1000	2	1000	1000	1000	
Johnny	1	20	1	1000	5	4	20	1000	3	1000	20	1000	1000	3	6
Lia	5	20	6	1000	1	6	1000	5	8	1000	1000	6	3	1000	1
Maria	1000	1000	1000	1000	3	1000	6	1	7	1000	1000	1000	1000	1000	7
Mikayla	5	1000	3	1000	1	6	1000	2	1000	1000	1000	1000	4	7	8
Nathan	1	5	2	1000	3	8	4	3	7	1000	4	1000	1000	7	1000000
Ned	3	2	5	1000	6	4	10	7	8	1000	1	1000	1000	9	11
Shir	3	1000	5	1000	2	4	1000	1	1000	1000	1000	1000	1000	1000	6
Zach	6	 	7	1000	1	2	1000	3	1000	1000	1000	1000	1000	4	5
